zxcvbnm
mnbvcxz
lkjhgfdsa
asdfghjkl
poiuytrewq
qweretyuiop
sayang
aqsayang
aqsayangkmu
sayangq
sayang1
sayang12
sayang123
sayang1234
sayang12345
iloveyou
iloveyou1
iloveyou12
iloveyou123
ilove you
i love you
iloveyouto
kata sandi 123
katasandi1
katasandi12
katasandi123
987654321
87654321
7654321
654321
0987654321
0123456789
012345678
01234567
0123456
123456
1234567
12345678
123456789
1234567890
12345678910
23456789
2345678
234567
23456
3456789
345678
34567
456789
45678
56789
01012001
02012001
03012001
04012001
05012001
06012001
07012001
08012001
09012001
10012001
11012001
12012001
13012001
14012001
15012001
16012001
17012001
18012001
19012001
20012001
21012001
22012001
23012001
24012001
25012001
26012001
27012001
28012001
29012001
30012001
31012001
01022001
02022001
03022001
04022001
05022001
06022001
07022001
08022001
09022001
10022001
11022001
12022001
13022001
14022001
15022001
16022001
17022001
18022001
19022001
20022001
21022001
22022001
23022001
24022001
25022001
26022001
27022001
28022001
01032001
02032001
03032001
04032001
05032001
06032001
07032001
08032001
09032001
10032001
11032001
12032001
13032001
14032001
15032001
16032001
17032001
18032001
19032001
20032001
21032001
22032001
23032001
24032001
25032001
26032001
27032001
28032001
29032001
30032001
31032001
01042001
02042001
03042001
04042001
05042001
06042001
07042001
08042001
09042001
10042001
11042001
12042001
13042001
14042001
15042001
16042001
17042001
18042001
19042001
20042001
21042001
22042001
23042001
24042001
25042001
26042001
27042001
28042001
29042001
30042001
01052001
02052001
03052001
04052001
05052001
06052001
07052001
08052001
09052001
10052001
11052001
12052001
13052001
14052001
15052001
16052001
17052001
18052001
19052001
20052001
21052001
22052001
23052001
24052001
25052001
26052001
27052001
28052001
29052001
30052001
31052001
01062001
02062001
03062001
04062001
05062001
06062001
07062001
08062001
09062001
10062001
11062001
12062001
13062001
14062001
15062001
16062001
17062001
18062001
19062001
20062001
21062001
22062001
23062001
24062001
25062001
26062001
27062001
28062001
29062001
30062001
01012002
02012002
03012002
04012002
05012002
06012002
07012002
08012002
09012002
10012002
11012002
12012002
13012002
14012002
15012002
16012002
17012002
18012002
19012002
20012002
21012002
22012002
23012002
24012002
25012002
26012002
27012002
28012002
29012002
30012002
31012002
01022002
02022002
03022002
04022002
05022002
06022002
07022002
08022002
09022002
10022002
11022002
12022002
13022002
14022002
15022002
16022002
17022002
18022002
19022002
20022002
21022002
22022002
23022002
24022002
25022002
26022002
27022002
28022002
01032002
02032002
03032002
04032002
05032002
06032002
07032002
08032002
09032002
10032002
11032002
12032002
13032002
14032002
15032002
16032002
17032002
18032002
19032002
20032002
21032002
22032002
23032002
24032002
25032002
26032002
27032002
28032002
29032002
30032002
31032002
01042002
02042002
03042002
04042002
05042002
06042002
07042002
08042002
09042002
10042002
11042002
12042002
13042002
14042002
15042002
16042002
17042002
18042002
19042002
20042002
21042002
22042002
23042002
24042002
25042002
26042002
27042002
28042002
29042002
30042002
01052002
02052002
03052002
04052002
05052002
06052002
07052002
08052002
09052002
10052002
11052002
12052002
13052002
14052002
15052002
16052002
17052002
18052002
19052002
20052002
21052002
22052002
23052002
24052002
25052002
26052002
27052002
28052002
29052002
30052002
31052002
01062002
02062002
03062002
04062002
05062002
06062002
07062002
08062002
09062002
10062002
11062002
12062002
13062002
14062002
15062002
16062002
17062002
18062002
19062002
20062002
21062002
22062002
23062002
24062002
25062002
26062002
27062002
28062002
29062002
30062002
01012003
02012003
03012003
04012003
05012003
06012003
07012003
08012003
09012003
10012003
11012003
12012003
13012003
14012003
15012003
16012003
17012003
18012003
19012003
20012003
21012003
22012003
23012003
24012003
25012003
26012003
27012003
28012003
29012003
30012003
31012003
01022003
02022003
03022003
04022003
05022003
06022003
07022003
08022003
09022003
10022003
11022003
12022003
13022003
14022003
15022003
16022003
17022003
18022003
19022003
20022003
21022003
22022003
23022003
24022003
25022003
26022003
27022003
28022003
01032003
02032003
03032003
04032003
05032003
06032003
07032003
08032003
09032003
10032003
11032003
12032003
13032003
14032003
15032003
16032003
17032003
18032003
19032003
20032003
21032003
22032003
23032003
24032003
25032003
26032003
27032003
28032003
29032003
30032003
31032003
01042003
02042003
03042003
04042003
05042003
06042003
07042003
08042003
09042003
10042003
11042003
12042003
13042003
14042003
15042003
16042003
17042003
18042003
19042003
20042003
21042003
22042003
23042003
24042003
25042003
26042003
27042003
28042003
29042003
30042003
01052003
02052003
03052003
04052003
05052003
06052003
07052003
08052003
09052003
10052003
11052003
12052003
13052003
14052003
15052003
16052003
17052003
18052003
19052003
20052003
21052003
22052003
23052003
24052003
25052003
26052003
27052003
28052003
29052003
30052003
31052003
01062003
02062003
03062003
04062003
05062003
06062003
07062003
08062003
09062003
10062003
11062003
12062003
13062003
14062003
15062003
16062003
17062003
18062003
19062003
20062003
21062003
22062003
23062003
24062003
25062003
26062003
27062003
28062003
29062003
30062003
1 Januari 2000
2 Januari 2000
3 Januari 2000
4 Januari 2000
5 Januari 2000
6 Januari 2000
7 Januari 2000
8 Januari 2000
9 Januari 2000
10 Januari 2000
11 Januari 2000
12 Januari 2000
13 Januari 2000
14 Januari 2000
15 Januari 2000
16 Januari 2000
17 Januari 2000
18 Januari 2000
19 Januari 2000
20 Januari 2000
21 Januari 2000
22 Januari 2000
23 Januari 2000
24 Januari 2000
25 Januari 2000
26 Januari 2000
27 Januari 2000
28 Januari 2000
29 Januari 2000
30 Januari 2000
31 Januari 2000
1 Februari 2000
2 Februari 2000
3 Februari 2000
4 Februari 2000
5 Februari 2000
6 Februari 2000
7 Februari 2000
8 Februari 2000
9 Februari 2000
10 Februari 2000
11 Februari 2000
12 Februari 2000
13 Februari 2000
14 Februari 2000
15 Februari 2000
16 Februari 2000
17 Februari 2000
18 Februari 2000
19 Februari 2000
20 Februari 2000
21 Februari 2000
22 Februari 2000
23 Februari 2000
24 Februari 2000
25 Februari 2000
26 Februari 2000
27 Februari 2000
28 Februari 2000
29 Februari 2000
1 Maret 2000
2 Maret 2000
3 Maret 2000
4 Maret 2000
5 Maret 2000
6 Maret 2000
7 Maret 2000
8 Maret 2000
9 Maret 2000
10 Maret 2000
11 Maret 2000
12 Maret 2000
13 Maret 2000
14 Maret 2000
15 Maret 2000
16 Maret 2000
17 Maret 2000
18 Maret 2000
19 Maret 2000
20 Maret 2000
21 Maret 2000
22 Maret 2000
23 Maret 2000
24 Maret 2000
25 Maret 2000
26 Maret 2000
27 Maret 2000
28 Maret 2000
29 Maret 2000
30 Maret 2000
31 Maret 2000
1 Desember 2000
2 Desember 2000
3 Desember 2000
4 Desember 2000
5 Desember 2000
6 Desember 2000
7 Desember 2000
8 Desember 2000
9 Desember 2000
10 Desember 2000
11 Desember 2000
12 Desember 2000
13 Desember 2000
14 Desember 2000
15 Desember 2000
16 Desember 2000
17 Desember 2000
18 Desember 2000
19 Desember 2000
20 Desember 2000
21 Desember 2000
22 Desember 2000
23 Desember 2000
24 Desember 2000
25 Desember 2000
26 Desember 2000
27 Desember 2000
28 Desember 2000
29 Desember 2000
30 Desember 2000
1 Januari 2001
2 Januari 2001
3 Januari 2001
4 Januari 2001
5 Januari 2001
6 Januari 2001
7 Januari 2001
8 Januari 2001
9 Januari 2001
10 Januari 2001
11 Januari 2001
12 Januari 2001
13 Januari 2001
14 Januari 2001
15 Januari 2001
16 Januari 2001
17 Januari 2001
18 Januari 2001
19 Januari 2001
20 Januari 2001
21 Januari 2001
22 Januari 2001
23 Januari 2001
24 Januari 2001
25 Januari 2001
26 Januari 2001
27 Januari 2001
28 Januari 2001
29 Januari 2001
30 Januari 2001
31 Januari 2001
1 Februari 2001
2 Februari 2001
3 Februari 2001
4 Februari 2001
5 Februari 2001
6 Februari 2001
7 Februari 2001
8 Februari 2001
9 Februari 2001
10 Februari 2001
11 Februari 2001
12 Februari 2001
13 Februari 2001
14 Februari 2001
15 Februari 2001
16 Februari 2001
17 Februari 2001
18 Februari 2001
19 Februari 2001
20 Februari 2001
21 Februari 2001
22 Februari 2001
23 Februari 2001
24 Februari 2001
25 Februari 2001
26 Februari 2001
27 Februari 2001
28 Februari 2001
1 Maret 2001
2 Maret 2001
3 Maret 2001
4 Maret 2001
5 Maret 2001
6 Maret 2001
7 Maret 2001
8 Maret 2001
9 Maret 2001
10 Maret 2001
11 Maret 2001
12 Maret 2001
13 Maret 2001
14 Maret 2001
15 Maret 2001
16 Maret 2001
17 Maret 2001
18 Maret 2001
19 Maret 2001
20 Maret 2001
21 Maret 2001
22 Maret 2001
23 Maret 2001
24 Maret 2001
25 Maret 2001
26 Maret 2001
27 Maret 2001
28 Maret 2001
29 Maret 2001
30 Maret 2001
31 Maret 2001
1 Desember 2001
2 Desember 2001
3 Desember 2001
4 Desember 2001
5 Desember 2001
6 Desember 2001
7 Desember 2001
8 Desember 2001
9 Desember 2001
10 Desember 2001
11 Desember 2001
12 Desember 2001
13 Desember 2001
14 Desember 2001
15 Desember 2001
16 Desember 2001
17 Desember 2001
18 Desember 2001
19 Desember 2001
20 Desember 2001
21 Desember 2001
22 Desember 2001
23 Desember 2001
24 Desember 2001
25 Desember 2001
26 Desember 2001
27 Desember 2001
28 Desember 2001
29 Desember 2001
30 Desember 2001
31 Desember 2001
1 Januari 2002
2 Januari 2002
3 Januari 2002
4 Januari 2002
5 Januari 2002
6 Januari 2002
7 Januari 2002
8 Januari 2002
9 Januari 2002
10 Januari 2002
11 Januari 2002
12 Januari 2002
13 Januari 2002
14 Januari 2002
15 Januari 2002
16 Januari 2002
17 Januari 2002
18 Januari 2002
19 Januari 2002
20 Januari 2002
21 Januari 2002
22 Januari 2002
23 Januari 2002
24 Januari 2002
25 Januari 2002
26 Januari 2002
27 Januari 2002
28 Januari 2002
29 Januari 2002
30 Januari 2002
31 Januari 2002
1 Februari 2002
2 Februari 2002
3 Februari 2002
4 Februari 2002
5 Februari 2002
6 Februari 2002
7 Februari 2002
8 Februari 2002
9 Februari 2002
10 Februari 2002
11 Februari 2002
12 Februari 2002
13 Februari 2002
14 Februari 2002
15 Februari 2002
16 Februari 2002
17 Februari 2002
18 Februari 2002
19 Februari 2002
20 Februari 2002
21 Februari 2002
22 Februari 2002
23 Februari 2002
24 Februari 2002
25 Februari 2002
26 Februari 2002
27 Februari 2002
28 Februari 2002
1 Maret 2002
2 Maret 2002
3 Maret 2002
4 Maret 2002
5 Maret 2002
6 Maret 2002
7 Maret 2002
8 Maret 2002
9 Maret 2002
10 Maret 2002
11 Maret 2002
12 Maret 2002
13 Maret 2002
14 Maret 2002
15 Maret 2002
16 Maret 2002
17 Maret 2002
18 Maret 2002
19 Maret 2002
20 Maret 2002
21 Maret 2002
22 Maret 2002
23 Maret 2002
24 Maret 2002
25 Maret 2002
26 Maret 2002
27 Maret 2002
28 Maret 2002
29 Maret 2002
30 Maret 2002
31 Maret 2002
1 April 2003
2 April 2003
3 April 2003
4 April 2003
5 April 2003
6 April 2003
7 April 2003
8 April 2003
9 April 2003
10 April 2003
11 April 2003
12 April 2003
13 April 2003
14 April 2003
15 April 2003
16 April 2003
17 April 2003
18 April 2003
19 April 2003
20 April 2003
21 April 2003
22 April 2003
23 April 2003
24 April 2003
25 April 2003
26 April 2003
27 April 2003
28 April 2003
29 April 2003
30 April 2003
1 Mei 2003
2 Mei 2003
3 Mei 2003
4 Mei 2003
5 Mei 2003
6 Mei 2003
7 Mei 2003
8 Mei 2003
9 Mei 2003
10 Mei 2003
11 Mei 2003
12 Mei 2003
13 Mei 2003
14 Mei 2003
15 Mei 2003
16 Mei 2003
17 Mei 2003
18 Mei 2003
19 Mei 2003
20 Mei 2003
21 Mei 2003
22 Mei 2003
23 Mei 2003
24 Mei 2003
25 Mei 2003
26 Mei 2003
27 Mei 2003
28 Mei 2003
29 Mei 2003
30 Mei 2003
31 Mei 2003
1 Juni 2003
2 Juni 2003
3 Juni 2003
4 Juni 2003
5 Juni 2003
6 Juni 2003
7 Juni 2003
8 Juni 2003
9 Juni 2003
10 Juni 2003
11 Juni 2003
12 Juni 2003
13 Juni 2003
14 Juni 2003
15 Juni 2003
16 Juni 2003
17 Juni 2003
18 Juni 2003
19 Juni 2003
20 Juni 2003
21 Juni 2003
22 Juni 2003
23 Juni 2003
24 Juni 2003
25 Juni 2003
26 Juni 2003
27 Juni 2003
28 Juni 2003
29 Juni 2003
30 Juni 2003
1 Desember 2002
2 Desember 2002
3 Desember 2002
4 Desember 2002
5 Desember 2002
6 Desember 2002
7 Desember 2002
8 Desember 2002
9 Desember 2002
10 Desember 2002
11 Desember 2002
12 Desember 2002
13 Desember 2002
14 Desember 2002
15 Desember 2002
16 Desember 2002
17 Desember 2002
18 Desember 2002
19 Desember 2002
20 Desember 2002
21 Desember 2002
22 Desember 2002
23 Desember 2002
24 Desember 2002
25 Desember 2002
26 Desember 2002
27 Desember 2002
28 Desember 2002
29 Desember 2002
30 Desember 2002
31 Desember 2002
1 Januari 2003
2 Januari 2003
3 Januari 2003
4 Januari 2003
5 Januari 2003
6 Januari 2003
7 Januari 2003
8 Januari 2003
9 Januari 2003
10 Januari 2003
11 Januari 2003
12 Januari 2003
13 Januari 2003
14 Januari 2003
15 Januari 2003
16 Januari 2003
17 Januari 2003
18 Januari 2003
19 Januari 2003
20 Januari 2003
21 Januari 2003
22 Januari 2003
23 Januari 2003
24 Januari 2003
25 Januari 2003
26 Januari 2003
27 Januari 2003
28 Januari 2003
29 Januari 2003
30 Januari 2003
31 Januari 2003
1 Februari 2003
2 Februari 2003
3 Februari 2003
4 Februari 2003
5 Februari 2003
6 Februari 2003
7 Februari 2003
8 Februari 2003
9 Februari 2003
10 Februari 2003
11 Februari 2003
12 Februari 2003
13 Februari 2003
14 Februari 2003
15 Februari 2003
16 Februari 2003
17 Februari 2003
18 Februari 2003
19 Februari 2003
20 Februari 2003
21 Februari 2003
22 Februari 2003
23 Februari 2003
24 Februari 2003
25 Februari 2003
26 Februari 2003
27 Februari 2003
28 Februari 2003
1 Maret 2003
2 Maret 2003
3 Maret 2003
4 Maret 2003
5 Maret 2003
6 Maret 2003
7 Maret 2003
8 Maret 2003
9 Maret 2003
10 Maret 2003
11 Maret 2003
12 Maret 2003
13 Maret 2003
14 Maret 2003
15 Maret 2003
16 Maret 2003
17 Maret 2003
18 Maret 2003
19 Maret 2003
20 Maret 2003
21 Maret 2003
22 Maret 2003
23 Maret 2003
24 Maret 2003
25 Maret 2003
26 Maret 2003
27 Maret 2003
28 Maret 2003
29 Maret 2003
30 Maret 2003
31 Maret 2003
1 Desember 2003
2 Desember 2003
3 Desember 2003
4 Desember 2003
5 Desember 2003
6 Desember 2003
7 Desember 2003
8 Desember 2003
9 Desember 2003
10 Desember 2003
11 Desember 2003
12 Desember 2003
13 Desember 2003
14 Desember 2003
15 Desember 2003
16 Desember 2003
17 Desember 2003
18 Desember 2003
19 Desember 2003
20 Desember 2003
21 Desember 2003
22 Desember 2003
23 Desember 2003
24 Desember 2003
25 Desember 2003
26 Desember 2003
27 Desember 2003
28 Desember 2003
29 Desember 2003
30 Desember 2003
31 Desember 2003
satu Dua Tiga
Empat lima enam
Tujuh
Delapan
Sembilan
Sepuluh
Sebelas
Dua belas
Tiga belas
Empat belas
Lima belas
Pohon
Sungai
Gunung
Laut
Hutan
Bunga
Matahari
Bulan
Bintang
Angin
Tanaman
Binatang
Langit
Es 123
Pasir
Dokter
Guru
Insinyur
Penulis
Pelukis
Musisi
Pemrogram
Desainer
Ahli keuangan
Aktor
Pengacara
Arsitek
Petani
Perawat
Polisi
Nasi
Ayam
Sayuran
Buah-buahan
Roti
Pasta
Daging
Ikan
Es krim
Kue 123
Pizza
Sup 123
Sushi
Salad
Cokelat
R@h@si@S@nd!KuY@ngP@lingB3rs3l3ra1
T3!ngg!T!ngg!Seb3s@r2H@lmuK@m!B!s@
S3c@r@H@r@p@nH@ri@nMuD@ngd3ng@nS!$t3m
P3nj3l@s@nD@r!H3nt!M3ru3p@l@kuk@nM@nj@d!B!$@B!$
D3ng@nm3nj@d!S3l@luB3rm@nfa@tny@@t3r
K3l@ng@n4s@H@t!@nK3L1$!mP0l@P0l@n
H@t!@nY@ngP@l!ngD!nc1t@!M3nj@d!K3ku@t@n
K3b@h@g!@@nS3l@luD!l!h@tk@n!n$1r@hP3nd!@m
T3rm@nj@d!$3t!@pH@r!Y@ng$@ng@t
@ng!nD3ng@nK3!ku@t@nB3rL@njut@n!T3ng!k@n
